0000000000000000000000000000000000000000
0000000000000000000000000011000000000000
0000000000000000000000001001000000010000
0000000000010100000000010000000110001000
0000000000010001000000010000001000001000
0110000000000001000000010000000111110000
0110000000010000100000001001000000000000
0000000000000001000000000011000000000000
0000000000010001000000000000000000000000
0000000000010100000000101000000000000000
0000000000000000000000011000000000000000
0000000000000000000000010000000000000000
0000000000000000000000000000000000000000
0000000000000000000000000000000000000000
0000000000000000000000000000000000000000
